Total Returns: [ 118.93689    63.259914  197.88614    64.977715   38.18001    97.86001
   45.178497  124.714676   71.421394  223.26227    48.6428     21.57
  487.25168   362.87567   193.29498   116.5752    100.26614    86.32251
   49.776897   32.3629    154.13298    69.89059    53.35998   161.26051
   42.87999   158.94487    70.916595   75.23741    23.100006  127.8801
  234.68146   197.01956    42.701595   57.022285  138.51591   326.13565
  301.2589    118.485794   44.8713    120.08214    30.491985   73.0774
   62.29122   146.38618    50.398117  280.43256   180.508     149.22754
  172.99174   254.24944    54.352486  150.09999   618.9512    449.55502
  118.954735  468.22482   187.22568    77.17142   105.22683    49.429993
   45.9654    131.54874    23.680002  230.16924   123.4326    158.34521
  147.0687    219.37947    52.293404   30.398804  115.77586    88.024086
  326.19742    91.57082    52.145718  119.69981   329.432     122.59372
  247.78099   350.07013   199.1142    179.68802    69.0413    247.74614
  430.67413   214.6023    138.27002   261.29608    65.974495  126.97838
  217.83087   613.9583    311.30167   350.10953   392.7102    174.17113
  191.78328    97.05599   104.369965  345.9513    189.36838    23.62
   29.49      185.85237   251.59352   121.29506   442.99792   405.5354
   60.453686  373.6444    180.66005   312.49673    57.078606   69.7529
  192.11961   161.3635    265.35062    64.7225    267.45557   166.96255
  560.36005    88.44299   743.37756    59.349792  241.37157  1396.997
  160.42462   355.18      187.22314    83.27189    21.211311   85.56929
  220.32507   236.94087   105.90721   187.17322    75.77818   137.48999
   60.19159   508.07886   111.83965    61.9591    136.15      243.15334
  189.24876   139.50418   373.45      270.16568    97.60608   164.77634
  273.82016    66.57951   833.888     421.77084   344.4828    440.8812
  118.559944  364.98056   457.5833    556.3966   1001.5087    293.90393
  650.66003   299.33612   621.9167    175.95105   296.3024    362.89456
  614.20264   241.21176   304.95886  1025.3776    235.98943   167.70216
  110.9467     14.9755    137.6365    210.80879   183.04462   178.3944
  267.14453    85.775505  114.80976    66.61      270.2732     31.57
   26.592703  196.40962    63.19081   126.40328   213.91      371.30997
  142.71689    21.99      386.1509     80.727585  291.27466   240.48358
  108.90831    41.809708   81.93907    65.95597    95.253395   38.419403
  151.31732    89.6671    132.99931    55.665207  135.02904    61.00609
   55.1971     85.98292   117.945984  106.87309   136.08871    50.1192
  208.25974   119.02998    61.6914     50.78      379.91568    64.69002
  186.63083    99.89568   251.21826   148.24564   465.2472    134.75722
  193.50342  1408.2993    297.97916   121.48271    50.03309   109.453705
  129.7557     61.967976   83.28672    64.83541    73.04948    65.07191
  146.91312    51.13671    40.065895  110.25188    73.0166    132.07018
  247.33224    39.337395   27.926405   57.842804  139.13629    41.766613
  224.44376    38.222004  116.4328     90.77059    80.335495  310.07538
  145.6522     42.584606   35.720604   92.43811   119.803406  103.62826
   35.269405   14.979999  103.0804    120.964226   33.800003   46.036297
   72.3171     68.89184    52.14439   111.44716    54.881405   83.20329
   31.768501  125.828384   78.4332     40.544617   86.542694   96.226715
   84.82453    30.439505  364.32697   120.418526  107.02225    84.67181
   33.9667     22.251997   53.460598  205.0401    706.2225     25.614603
  358.92618   233.84581   521.64844   218.4196    102.896835  243.8184
  288.8649    469.8219    239.62637  5219.2905    322.99014   414.36206
  179.28995   545.56793   651.6776    168.38158   363.79654   563.92786
 1167.0989    139.00261   316.4196    726.01416   366.70734   554.1699
  202.90846   110.291336  702.96783   755.3179    343.53314   160.15004
  372.87936 ]
Annualized Sharpe Ratio: 0.9868361364331344
